ID	NA20813.5.M_120131_1.bam	HG00116.2.M_120131_1.bam	HG00115.6.M_120119_1.bam	HG00122.6.M_120119_1.bam	HG00114.6.M_120217_1.bam
1:880180:880422:clu_177_+	0.23735326981818486	-1.3120791402942276	1.0983652543944764	0.6265460408928418	1.0983652543944764
1:880180:880437:clu_177_+	-0.1844524370947431	1.1983797023069247	-0.04233845128869423	-0.6730144683866154	-0.04233845128869423
1:1310170:1310377:clu_387_-	-0.570291064773925	1.9543769007246365	0.9475873133359786	-0.29583695874971144	0.9475873133359786
1:1310170:1310534:clu_387_-	0.6038156267220403	-1.7467804897085577	1.445855854778841	0.28112877403144726	1.445855854778841
1:1414125:1453096:clu_388_-	-0.5265601636111814	2.768672517381485	1.6852909144409782	-0.36036511761373985	1.6852909144409782
1:1452792:1453096:clu_388_-	0.47326726417690623	-2.480136535384312	-1.5950807308105566	0.4161526418212106	-1.5950807308105566
1:1571488:1571695:clu_178_+	-0.940244944925305	1.05635347310719	-0.04233845128869423	-0.06588778327827917	-0.04233845128869423
1:1571488:1634915:clu_178_+	0.9113683703636455	-1.160663891291773	-0.04233845128869423	0.09419646138267875	-0.04233845128869423
1:1572564:1572770:clu_389_-	0.14630920652664103	-1.124530609658414	-0.04233845128869423	0.7270962768536594	-0.04233845128869423
1:1572564:1635989:clu_389_-	-0.032926019489508775	0.9699276601086725	1.6295837863718936	-0.8490159442891331	1.6295837863718936
1:1573245:1637081:clu_390_-	-2.389190300834616	0.42643126835114015	-0.04233845128869423	0.3754617702355184	-0.04233845128869423
1:1580623:1647785:clu_391_-	1.4068405624543427	-0.678924437048578	-0.04233845128869423	-0.15582291476639704	-0.04233845128869423
1:1636464:1637081:clu_390_-	2.480136535384314	-0.42643126835114015	-0.04233845128869423	-0.3453501558233022	-0.04233845128869423
1:1643839:1647785:clu_391_-	-1.3943000465384667	0.6671279136974503	-0.04233845128869423	0.16058500909297635	-0.04233845128869423
1:1756938:1770629:clu_393_-	-0.43158745770152607	1.815687083813582	-0.04233845128869423	-0.43158745770152607	-0.04233845128869423
1:1756938:1822259:clu_393_-	1.3819750498949337	-0.1892381207440352	-1.2480643164621663	-0.6554235052344266	-1.2480643164621663
1:1770677:1822259:clu_393_-	0.12258084388880255	-1.0813314137036845	-0.04233845128869423	0.751822850406207	-0.04233845128869423
1:6100705:6101891:clu_181_+	0.3353834710158853	0.5813930065324557	-0.04233845128869423	-1.5785185539727977	-0.04233845128869423
1:6100705:6132815:clu_181_+	-0.12732057141021175	-0.7643597159915364	1.4731412761686462	1.1334254125159537	1.4731412761686462
1:6101932:6132815:clu_181_+	-0.30075378558481636	1.4731412761686462	1.3819750498949337	-0.5647664269731174	1.3819750498949337
1:6845635:6880241:clu_182_+	-0.5373956152074773	2.597853048610017	-0.04233845128869423	-0.3553512653029992	-0.04233845128869423
1:6880310:6885152:clu_182_+	0.6554235052344266	-1.612092380063337	-0.04233845128869423	0.24703899073897723	-0.04233845128869423
1:8021795:8022823:clu_183_+	-0.028220949358610824	0.9624275169350821	-0.04233845128869423	-0.855778924158629	-0.04233845128869423
1:8021853:8022823:clu_183_+	0.08003410470170844	-1.0320177767594496	-0.04233845128869423	0.8157657139309344	-0.04233845128869423
1:16693803:16717870:clu_185_+	-0.03763181864322885	0.9774827646406201	-0.04233845128869423	-0.8422915754677401	-0.04233845128869423
1:16693803:16719723:clu_185_+	0.09892130809523819	-1.040061251145822	-0.04233845128869423	0.7898018008263447	-0.04233845128869423
1:16693803:16719726:clu_185_+	0.3957252958144873	-1.7917642873785158	-0.04233845128869423	0.4680136067170919	-0.04233845128869423
1:16717919:16719723:clu_185_+	-0.5482945324264447	2.2509256965027937	-0.04233845128869423	-0.3304126557514292	-0.04233845128869423
1:16717919:16719723:clu_395_-	-0.2909272734845258	1.445855854778841	-0.04233845128869423	-0.5758331639463611	-0.04233845128869423
1:16717919:16719726:clu_395_-	0.3155485224109744	-1.5162509473031376	-0.04233845128869423	0.5482945324264447	-0.04233845128869423
1:23665101:23667345:clu_186_+	0.3754617702355184	0.5373956152074773	-0.04233845128869423	-1.7050767426215798	-0.04233845128869423
1:23665101:23667345:clu_396_-	-1.9543769007246372	0.3503463302370711	1.0646056786228104	0.4523291281045931	1.0646056786228104
1:23665101:23670704:clu_186_+	-0.40081634084006357	-0.5319700822356674	-0.04233845128869423	1.8406965399403974	-0.04233845128869423
1:23665101:23670704:clu_396_-	0.2132339802385984	-1.2794163791315167	-0.04233845128869423	0.6554235052344266	-0.04233845128869423
1:23667510:23670704:clu_396_-	0.31060942538225567	0.5981818897276565	1.040061251145822	-1.4872052860608547	1.040061251145822
1:23667513:23670704:clu_396_-	1.0983652543944764	-0.9042673435995684	-0.04233845128869423	0.004702884642656392	-0.04233845128869423
1:24018319:24019099:clu_187_+	-0.7770178864605788	1.290151321197834	-0.04233845128869423	-0.15106435152052125	-0.04233845128869423
1:24018319:24019102:clu_187_+	0.751822850406207	-1.3819750498949341	-0.04233845128869423	0.1653507479007707	-0.04233845128869423
1:24294213:24298063:clu_188_+	-1.866913301331366	0.5104216426632188	-2.2509256965027937	0.2909272734845258	-2.2509256965027937
1:24294213:24298063:clu_397_-	1.279416379131516	-0.12258084388880242	1.432607695711915	-0.7455985754467381	1.432607695711915
1:24297929:24298063:clu_188_+	1.9871631933238825	-0.47853401690427166	-0.04233845128869423	-0.28112877403144726	-0.04233845128869423
1:24297929:24298063:clu_397_-	-1.2794163791315167	0.10364836418955015	-0.04233845128869423	0.7148986523834145	-0.04233845128869423
1:24298113:24298340:clu_189_+	0.37042020906256046	0.5428370135622824	-0.04233845128869423	-1.6852909144409782	-0.04233845128869423
1:24298113:24298340:clu_398_-	-0.8625812739776344	-0.15582291476639704	-0.04233845128869423	1.1887918752485334	-0.04233845128869423
1:24298116:24298340:clu_189_+	-0.40591779583346715	-0.52116561228506	-0.04233845128869423	1.866913301331366	-0.04233845128869423
1:24298116:24298340:clu_398_-	0.8157657139309344	0.1653507479007707	-0.04233845128869423	-1.2378819126364662	-0.04233845128869423
1:24981614:24987210:clu_399_-	-3.1091644485775234	0.4110298367676691	-0.04233845128869423	0.3957252958144873	-0.04233845128869423
1:24981620:24987210:clu_399_-	2.314544035168214	-0.43158745770152607	-0.04233845128869423	-0.3403625871639339	-0.04233845128869423
1:24987290:24987801:clu_400_-	1.142410805052485	-0.8763072230638451	-0.04233845128869423	-0.014109070012707444	-0.04233845128869423
1:24987290:24987804:clu_400_-	-1.160663891291773	0.8356050786828424	1.290151321197834	0.04704602202421494	1.290151321197834
1:26863460:26873358:clu_190_+	-0.7455985754467381	-0.21323398023859827	1.1699371398070801	1.4068405624543427	1.1699371398070801
1:26872526:26873358:clu_190_+	0.7332357831855119	0.2228660309450925	-0.04233845128869423	-1.4068405624543427	-0.04233845128869423
1:27951662:27952557:clu_191_+	1.6852909144409782	-0.32049532920927337	1.1983797023069247	-0.483814077174504	1.1983797023069247
1:27951662:27952971:clu_191_+	-1.8156870838135812	0.3304126557514292	-0.04233845128869423	0.4785340169042715	-0.04233845128869423
1:27995046:27995744:clu_192_+	-0.25189049899470695	1.3120791402942276	-0.04233845128869423	-0.6322791232209463	-0.04233845128869423
1:27995046:27995744:clu_401_-	0.3403625871639339	-1.5950807308105566	1.5950807308105566	0.5104216426632188	1.5950807308105566
1:27995046:27995756:clu_192_+	0.29583695874971133	-1.459362757235317	1.9871631933238825	0.5758331639463613	1.9871631933238825
1:27995046:27995756:clu_401_-	-0.28112877403144726	1.3579358121923786	3.1091644485775145	-0.6094685938035255	3.1091644485775145
1:28907158:28907606:clu_402_-	-1.3232835858479786	0.13680872272075253	-0.04233845128869423	0.6848582147725023	-0.04233845128869423
1:28907158:28907623:clu_402_-	1.290151321197834	-0.13206316093370726	1.5785185539727982	-0.7394030530614328	1.5785185539727982
1:32669646:32669787:clu_193_+	0.056464396903690046	0.855778924158629	-1.7917642873785158	-0.9774827646406201	-1.7917642873785158
1:32669646:32670199:clu_193_+	-0.44193452638497827	-0.48910766036210285	-0.04233845128869423	2.1009280857165873	-0.04233845128869423
1:32669980:32670199:clu_193_+	0.1940281424239262	-1.2480643164621663	-0.04233845128869423	0.6671279136974503	-0.04233845128869423
1:33093145:33097428:clu_194_+	-0.27135719243055834	1.3346566646698292	-2.3145440351682125	-0.6208334785075215	-2.3145440351682125
1:33093145:33097428:clu_404_-	0.42643126835114015	0.4891076603621027	2.059988661676714	-1.9543769007246372	2.059988661676714
1:33093145:33099246:clu_194_+	0.2567479433203297	-1.3698564795107977	-0.04233845128869423	0.6151411045959733	-0.04233845128869423
1:33093145:33099246:clu_404_-	-0.8157657139309344	-0.17967097421543787	-0.04233845128869423	1.2583777922066413	-0.04233845128869423
1:33097480:33099246:clu_404_-	1.160663891291773	-0.04704602202421494	1.3010370339653896	-0.8289557340950154	1.3010370339653896
1:35642072:35642920:clu_195_+	0.5981818897276565	-1.8156870838135812	1.4196063131712278	0.2860245910647388	1.4196063131712278
1:35642075:35642920:clu_195_+	-0.5869708794895945	1.866913301331366	-0.04233845128869423	-0.2762396861602185	-0.04233845128869423
1:35643637:35652602:clu_196_+	-0.6730144683866154	-0.27135719243055834	-1.3346566646698292	1.54663527139923	-1.3346566646698292
1:35643637:35652602:clu_405_-	-0.43675514703343354	-0.4997362729519167	-0.04233845128869423	2.059988661676714	-0.04233845128869423
1:35650194:35652602:clu_196_+	0.6848582147725023	0.26648115899596836	-0.04233845128869423	-1.5312664055832135	-0.04233845128869423
1:35650194:35652602:clu_405_-	0.4161526418212106	0.4944149850184821	-0.04233845128869423	-1.9235660048824292	-0.04233845128869423
1:36766685:36767154:clu_197_+	-1.7688250385187065	0.31060942538225567	-0.04233845128869423	0.4891076603621027	-0.04233845128869423
1:36766685:36767157:clu_197_+	1.7467804897085577	-0.3304126557514292	1.3120791402942276	-0.47326726417690623	1.3120791402942276
1:39492070:39494395:clu_198_+	-0.5813930065324557	-0.3754617702355184	-0.04233845128869423	2.195292966528748	-0.04233845128869423
1:39492070:39494395:clu_407_-	-0.7332357831855119	-0.22768976522040343	-0.04233845128869423	1.445855854778841	-0.04233845128869423
1:39492074:39494395:clu_198_+	0.570291064773925	0.3603651176137397	0.9549811253609172	-2.1009280857165864	0.9549811253609172
1:39492074:39494395:clu_407_-	0.7394030530614327	0.21804747687013346	-1.2794163791315167	-1.3943000465384667	-1.2794163791315167
1:40029413:40029508:clu_199_+	0.6380330632487636	-1.6661436666122649	-0.04233845128869423	0.2567479433203297	-0.04233845128869423
1:40029413:40029508:clu_408_-	0.8625812739776344	-1.1983797023069247	-0.04233845128869423	0.12258084388880255	-0.04233845128869423
1:40029413:40030095:clu_199_+	0.014109070012707583	-0.9113683703636455	1.05635347310719	0.9042673435995682	1.05635347310719
1:40029413:40030095:clu_408_-	0.9475873133359786	0.08947371660481043	-0.04233845128869423	-1.0813314137036845	-0.04233845128869423
1:40029594:40030095:clu_199_+	0.4523291281045931	0.45754474354330993	1.3698564795107977	-2.3145440351682125	1.3698564795107977
1:40029594:40030095:clu_408_-	-0.3304126557514292	1.5162509473031371	-0.04233845128869423	-0.5373956152074773	-0.04233845128869423
1:40029594:40030143:clu_199_+	-1.6852909144409782	0.5758331639463613	-0.04233845128869423	0.23735326981818486	-0.04233845128869423
1:40029594:40030143:clu_408_-	-0.9257101668023399	-0.11784386856463148	1.3346566646698292	1.0983652543944764	1.3346566646698292
1:40506455:40525009:clu_200_+	0.17967097421543787	-1.2178932533913085	-0.04233845128869423	0.6908162048024267	-0.04233845128869423
1:40506473:40525006:clu_200_+	0.1558229147663969	0.758076389466198	1.1157238981915962	-1.1157238981915962	1.1157238981915962
1:40506473:40525009:clu_200_+	-1.1514893920988762	0.03763181864322885	-0.04233845128869423	0.8356050786828424	-0.04233845128869423
1:40525130:40525739:clu_201_+	1.4731412761686462	-0.2421932901469439	-3.1091644485775234	-0.5925670748238481	-3.1091644485775234
1:40525130:40525739:clu_409_-	0.3805128928102327	0.5319700822356677	-0.04233845128869423	-1.7255535204627066	-0.04233845128869423
1:40525130:40525742:clu_201_+	-1.5015697708850035	0.23735326981818486	-0.04233845128869423	0.570291064773925	-0.04233845128869423
1:40525130:40525742:clu_409_-	-0.39064448693708664	-0.5428370135622823	-0.04233845128869423	1.7688250385187065	-0.04233845128869423
1:42922299:42922918:clu_202_+	-0.7518228504062071	-0.2084254191481864	-0.04233845128869423	1.3819750498949337	-0.04233845128869423
1:42922744:42922918:clu_202_+	0.7088396087458535	0.24219329014694407	-0.04233845128869423	-1.4731412761686462	-0.04233845128869423
1:45097880:45098015:clu_203_+	1.0646056786228104	-0.9475873133359782	1.3462050473616447	0.023516503894711903	1.3462050473616447
1:45097884:45098015:clu_203_+	-1.05635347310719	0.9185156525946695	-0.04233845128869423	-0.023516503894711764	-0.04233845128869423
1:45101260:45101702:clu_204_+	0.9699276601086725	-1.0983652543944762	-0.04233845128869423	0.06117541103855111	-0.04233845128869423
1:45101260:45101702:clu_410_-	-0.8763072230638451	-0.15106435152052125	-0.04233845128869423	1.1793121016069912	-0.04233845128869423
1:45101338:45101702:clu_204_+	-1.0240405230636223	0.9927628955509593	-1.6295837863718936	-0.032926019489508775	-1.6295837863718936
1:45101338:45101702:clu_410_-	0.9257101668023399	0.09892130809523819	-1.9235660048824292	-1.0983652543944762	-1.9235660048824292
1:45242386:45243286:clu_205_+	-0.985094079681354	-0.07531702426719912	-1.3462050473616443	1.0320177767594496	-1.3462050473616443
1:45242386:45243286:clu_411_-	0.5869708794895945	-1.866913301331366	-0.04233845128869423	0.30075378558481636	-0.04233845128869423
1:45242446:45243286:clu_205_+	0.9549811253609172	0.08475296664540548	-2.5978530486100184	-1.0729310269251722	-2.5978530486100184
1:45242446:45243286:clu_411_-	-0.5428370135622823	2.3891903008346156	-0.04233845128869423	-0.33538347101588517	-0.04233845128869423
1:46016827:46018108:clu_206_+	-1.2080789764730697	0.07531702426719898	-0.04233845128869423	0.7770178864605789	-0.04233845128869423
1:46016827:46018108:clu_412_-	-2.059988661676714	0.3754617702355184	-0.04233845128869423	0.43675514703343354	-0.04233845128869423
1:46016827:46027461:clu_206_+	1.54663527139923	-0.26161145315457784	-0.04233845128869423	-0.570291064773925	-0.04233845128869423
1:46016827:46027461:clu_412_-	0.7706733655779143	0.1892381207440352	-0.04233845128869423	-1.3120791402942276	-0.04233845128869423
1:46018235:46027461:clu_206_+	-0.42643126835114015	1.7917642873785156	-2.059988661676714	-0.43675514703343354	-2.059988661676714
1:46018235:46027461:clu_412_-	0.483814077174504	-3.1091644485775234	-0.04233845128869423	0.40591779583346715	-0.04233845128869423
1:46033849:46034157:clu_207_+	-1.9871631933238825	0.3553512653029994	-0.04233845128869423	0.4471257883428003	-0.04233845128869423
1:46033849:46034599:clu_207_+	1.2178932533913085	-0.08947371660481043	-0.04233845128869423	-0.7833938399401357	-0.04233845128869423
1:46034356:46034599:clu_207_+	2.1009280857165873	-0.45754474354330993	-0.04233845128869423	-0.3056778940117536	-0.04233845128869423
1:46769492:46774773:clu_208_+	1.107002880537908	0.0	-0.04233845128869423	-0.9113683703636455	-0.04233845128869423
1:46769492:46774773:clu_413_-	0.940244944925305	-1.1334254125159537	-1.1514893920988762	0.08475296664540548	-1.1514893920988762
1:46769492:46775827:clu_208_+	-0.6908162048024267	1.432607695711915	-0.04233845128869423	-0.19882262011253335	-0.04233845128869423
1:46769492:46775827:clu_413_-	-0.48910766036210285	2.1457248880431434	-1.107002880537908	-0.3957252958144873	-1.107002880537908
1:46775716:46775827:clu_208_+	0.19882262011253335	-1.2583777922066413	-0.04233845128869423	0.661264385808579	-0.04233845128869423
1:46775716:46775827:clu_413_-	0.2228660309450925	-1.3010370339653892	-0.04233845128869423	0.6380330632487636	-0.04233845128869423
1:52215867:52221992:clu_209_+	0.21804747687013346	-1.290151321197834	-0.04233845128869423	0.6496048999547391	-0.04233845128869423
1:52215867:52221992:clu_414_-	-0.33538347101588517	1.54663527139923	-0.04233845128869423	-0.5265601636111814	-0.04233845128869423
1:52215867:52226362:clu_209_+	1.3943000465384667	-0.7028064770225942	-1.9543769007246372	-0.14155736750809625	-1.9543769007246372
1:52215867:52226362:clu_414_-	-1.1793121016069912	0.05175463559382711	-0.04233845128869423	0.8027161143997074	-0.04233845128869423
1:52222030:52226362:clu_209_+	-1.0481725840648584	0.9257101668023399	-0.04233845128869423	-0.028220949358610824	-0.04233845128869423
1:52222030:52226362:clu_414_-	1.6295837863718936	-0.5758331639463611	1.323283585847979	-0.22286603094509236	1.323283585847979
1:53694626:53699214:clu_210_+	0.3056778940117537	-1.5015697708850035	-1.7255535204627066	0.5647664269731176	-1.7255535204627066
1:53694626:53699214:clu_415_-	-0.3254499913197392	-0.5925670748238481	-0.04233845128869423	1.6120923800633378	-0.04233845128869423
1:53694626:53701249:clu_210_+	-0.5592589732881179	2.1009280857165873	-0.04233845128869423	-0.31060942538225567	-0.04233845128869423
1:53694626:53701249:clu_415_-	0.4471257883428003	0.4680136067170919	-1.2583777922066413	-2.2509256965027937	-1.2583777922066413
1:53699324:53701249:clu_210_+	0.24703899073897723	0.6848582147725023	-0.04233845128869423	-1.3232835858479786	-0.04233845128869423
1:53699324:53701249:clu_415_-	-1.7050767426215798	0.570291064773925	-0.04233845128869423	0.24219329014694407	-0.04233845128869423
1:54405770:54411228:clu_416_-	1.4872052860608542	-0.6208334785075215	2.1457248880431434	-0.1892381207440352	2.1457248880431434
1:54405770:54411910:clu_416_-	-1.4872052860608547	0.6265460408928418	1.2178932533913085	0.1940281424239262	1.2178932533913085
1:54506510:54507397:clu_211_+	-0.6380330632487637	1.6661436666122649	-2.195292966528746	-0.23251880333176442	-2.195292966528746
1:54506510:54507397:clu_417_-	0.43675514703343354	0.47326726417690623	-0.04233845128869423	-2.059988661676714	-0.04233845128869423
1:54506513:54507397:clu_211_+	0.6151411045959733	-1.7050767426215798	-0.04233845128869423	0.26648115899596836	-0.04233845128869423
1:54506513:54507397:clu_417_-	-0.46801360671709213	-0.462772835273109	-0.04233845128869423	2.314544035168214	-0.04233845128869423
1:63912527:63913236:clu_212_+	-1.3120791402942276	0.12258084388880255	-0.04233845128869423	0.7088396087458535	-0.04233845128869423
1:63912527:63913236:clu_418_-	-0.8289557340950154	-0.17489361554133365	-1.2178932533913085	1.2278262613112725	-1.2178932533913085
1:63912527:63919589:clu_212_+	1.2688268844527004	-0.1083777374610097	-0.04233845128869423	-0.758076389466198	-0.04233845128869423
1:63912527:63919589:clu_418_-	0.28112877403144726	0.6380330632487636	-0.04233845128869423	-1.445855854778841	-0.04233845128869423
1:63913285:63919589:clu_418_-	0.7898018008263447	-1.3346566646698292	-1.3698564795107977	0.1415573675080964	-1.3698564795107977
1:70694238:70697951:clu_213_+	-0.01881257883884686	0.9475873133359786	-0.04233845128869423	-0.8763072230638451	-0.04233845128869423
1:70697658:70697951:clu_213_+	0.07060161911448065	-1.0161279091332394	-0.04233845128869423	0.8223428403514804	-0.04233845128869423
1:70716186:70716291:clu_214_+	-0.7962423579008314	1.2480643164621663	-0.04233845128869423	-0.13680872272075253	-0.04233845128869423
1:70716186:70716291:clu_419_-	0.6438082052007447	0.30075378558481636	1.8944798170360135	-1.6295837863718936	1.8944798170360135
1:70716186:70716294:clu_214_+	0.7962423579008314	-1.3232835858479786	-1.7688250385187065	0.13680872272075253	-1.7688250385187065
1:70716186:70716294:clu_419_-	-0.6322791232209463	-0.31554852241097425	-1.8156870838135812	1.7050767426215798	-1.8156870838135812
1:71530820:71531361:clu_215_+	0.661264385808579	0.2909272734845258	1.2480643164621663	-1.5623783923606585	1.2480643164621663
1:71530820:71531361:clu_420_-	2.195292966528748	-0.45232912810459286	-0.04233845128869423	-0.31554852241097425	-0.04233845128869423
1:71530820:71532459:clu_215_+	-0.7028064770225942	-0.24703899073897723	-0.04233845128869423	1.5015697708850035	-0.04233845128869423
1:71530820:71532459:clu_420_-	-0.483814077174504	-0.4471257883428003	1.2688268844527004	2.3891903008346156	1.2688268844527004
1:71531435:71532459:clu_420_-	-0.7209840558519871	1.3819750498949337	-0.04233845128869423	-0.17489361554133365	-0.04233845128869423
1:75172678:75175782:clu_216_+	-0.11784386856463148	1.0898088076611796	-0.04233845128869423	-0.7332357831855119	-0.04233845128869423
1:75172888:75175782:clu_216_+	0.2909272734845258	-1.4326076957119156	1.1793121016069912	0.592567074823848	1.1793121016069912
1:75190518:75198640:clu_421_-	0.43158745770152623	0.483814077174504	1.7467804897085577	-1.9871631933238825	1.7467804897085577
1:75196104:75198640:clu_421_-	-0.462772835273109	-0.46801360671709213	-0.04233845128869423	2.2509256965027937	-0.04233845128869423
1:76255742:76256970:clu_217_+	0.07531702426719898	0.8422915754677401	-0.04233845128869423	-0.9927628955509593	-0.04233845128869423
1:76255742:76256970:clu_422_-	-0.08003410470170844	1.0082784082953653	1.2080789764730697	-0.809223688517131	1.2080789764730697
1:76256202:76256970:clu_217_+	-0.05175463559382711	-0.8625812739776344	-1.4068405624543427	0.9699276601086725	-1.4068405624543427
1:76256202:76256970:clu_422_-	0.11784386856463148	-1.0729310269251722	-0.04233845128869423	0.758076389466198	-0.04233845128869423
1:76257256:76257866:clu_218_+	0.5813930065324557	0.3453501558233023	-0.04233845128869423	-2.0222360661857532	-0.04233845128869423
1:76257256:76257882:clu_218_+	-0.5925670748238481	-0.3653880454979842	-1.16993713980708	2.022236066185752	-1.16993713980708
1:78432782:78433311:clu_219_+	0.7270962768536594	-1.3943000465384667	-0.04233845128869423	0.1748936155413335	-0.04233845128869423
1:78432782:78433311:clu_423_-	0.10364836418955015	0.809223688517131	-0.04233845128869423	-1.0481725840648584	-0.04233845128869423
1:78432785:78433311:clu_219_+	-0.855778924158629	1.1793121016069912	-0.04233845128869423	-0.11310953607098932	-0.04233845128869423
1:78432785:78433311:clu_423_-	-0.06117541103855111	-0.8490159442891331	-0.04233845128869423	0.985094079681354	-0.04233845128869423
1:79086256:79093591:clu_220_+	0.1701202451820974	-1.1887918752485325	-1.1157238981915962	0.7028064770225942	-1.1157238981915962
1:79086256:79093591:clu_424_-	0.5758331639463613	-1.894479817036014	-0.04233845128869423	0.3056778940117537	-0.04233845128869423
1:79086256:79094636:clu_220_+	-0.3503463302370711	1.5785185539727982	-1.0898088076611796	-0.5157861850941594	-1.0898088076611796
1:79086256:79094636:clu_424_-	-0.52116561228506	3.1091644485775145	-0.04233845128869423	-0.37042020906256057	-0.04233845128869423
1:79094078:79094636:clu_220_+	0.4944149850184821	-2.5978530486100184	-0.04233845128869423	0.37042020906256046	-0.04233845128869423
1:79094078:79094636:clu_424_-	0.4680136067170919	-2.1457248880431434	-0.04233845128869423	0.42643126835114015	-0.04233845128869423
1:79101174:79102717:clu_221_+	0.3503463302370711	-1.6295837863718936	-0.04233845128869423	0.5050717493097893	-0.04233845128869423
1:79101174:79102780:clu_221_+	-0.3453501558233022	1.5623783923606585	-0.04233845128869423	-0.52116561228506	-0.04233845128869423
1:79115590:79115871:clu_222_+	-1.4068405624543427	0.6554235052344266	1.6120923800633378	0.1701202451820974	1.6120923800633378
1:79115590:79119928:clu_222_+	1.1514893920988767	-0.032926019489508775	-0.04233845128869423	-0.8694237732888861	-0.04233845128869423
1:79116337:79119928:clu_222_+	-0.6671279136974503	-0.2762396861602185	-0.04233845128869423	1.5623783923606585	-0.04233845128869423
1:79125168:79126239:clu_425_-	-0.12258084388880242	1.0983652543944764	-0.04233845128869423	-0.7270962768536594	-0.04233845128869423
1:79125168:79128389:clu_425_-	0.7148986523834145	-1.445855854778841	-0.04233845128869423	0.18445243709474293	-0.04233845128869423
1:79126339:79128389:clu_425_-	-1.6475884691571143	0.2860245910647388	1.7917642873785156	0.5157861850941594	1.7917642873785156
1:93297674:93298946:clu_223_+	0.7643597159915362	0.1940281424239262	1.7688250385187065	-1.3346566646698292	1.7688250385187065
1:93299015:93299102:clu_223_+	-0.7643597159915364	-0.20362167252747332	-0.04233845128869423	1.3579358121923786	-0.04233845128869423
1:111435155:111436949:clu_224_+	-0.7270962768536594	-0.23251880333176442	-0.04233845128869423	1.4593627572353167	-0.04233845128869423
1:111435155:111436949:clu_426_-	-1.5312664055832135	0.6094685938035255	2.480136535384314	0.20362167252747346	2.480136535384314
1:111440514:111441746:clu_224_+	0.6908162048024267	0.24703899073897723	-0.04233845128869423	-1.5015697708850035	-0.04233845128869423
1:111662581:111663138:clu_427_-	0.40591779583346715	0.5050717493097893	-2.389190300834616	-1.8406965399403978	-2.389190300834616
1:111662581:111663154:clu_427_-	-0.4944149850184821	-0.44193452638497827	-0.04233845128869423	2.480136535384314	-0.04233845128869423
1:111680208:111682123:clu_225_+	-1.7467804897085577	0.3056778940117537	0.9329529187993167	0.4944149850184821	0.9329529187993167
1:111680208:111682123:clu_428_-	-1.5623783923606585	0.25189049899470706	-1.0813314137036845	0.5592589732881179	-1.0813314137036845
1:111680208:111682210:clu_225_+	1.6661436666122649	-0.31060942538225567	-0.04233845128869423	-0.4944149850184821	-0.04233845128869423
1:111680208:111682660:clu_428_-	1.8406965399403974	-0.3453501558233022	-0.04233845128869423	-0.45754474354330993	-0.04233845128869423
1:111682333:111682660:clu_428_-	0.855778924158629	0.1320631609337074	1.2378819126364657	-1.16993713980708	1.2378819126364657
1:113246428:113247722:clu_429_-	-0.6967988187843515	1.4196063131712278	-2.0222360661857532	-0.19402814242392633	-2.0222360661857532
1:113246428:113249700:clu_429_-	1.1157238981915962	-0.009405873302470842	-0.04233845128869423	-0.9042673435995684	-0.04233845128869423
1:113247790:113249700:clu_429_-	-0.23251880333176442	-0.6671279136974503	-0.04233845128869423	1.3462050473616447	-0.04233845128869423
1:115279476:115280092:clu_226_+	2.3891903008346156	-0.39064448693708664	-0.04233845128869423	-0.38557374249056103	-0.04233845128869423
1:115279476:115280584:clu_226_+	-2.2509256965027937	0.3906444869370865	2.768672517381485	0.4212863914317764	2.768672517381485
1:150193060:150195512:clu_227_+	-0.8490159442891331	-0.16058500909297635	-0.04233845128869423	1.1983797023069247	-0.04233845128869423
1:150193063:150195512:clu_227_+	0.7833938399401357	0.18445243709474293	2.314544035168214	-1.3010370339653892	2.314544035168214
1:150600068:150601537:clu_431_-	-0.6094685938035255	1.7467804897085577	-0.04233845128869423	-0.26161145315457784	-0.04233845128869423
1:150600068:150601890:clu_431_-	0.6094685938035255	-1.7255535204627066	1.5623783923606585	0.2762396861602184	1.5623783923606585
1:151319082:151319627:clu_432_-	0.5157861850941594	-2.2509256965027937	1.0161279091332394	0.3553512653029994	1.0161279091332394
1:151319082:151319687:clu_432_-	-0.5537684311241929	2.195292966528748	-0.04233845128869423	-0.32049532920927337	-0.04233845128869423
1:153610924:153614719:clu_228_+	0.9042673435995682	0.1083777374610097	-0.04233845128869423	-1.107002880537908	-0.04233845128869423
1:153610924:153614719:clu_433_-	-1.142410805052485	0.8625812739776344	-0.04233845128869423	0.028220949358610824	-0.04233845128869423
1:153610924:153614722:clu_228_+	-0.9185156525946694	-0.12732057141021175	1.279416379131516	1.107002880537908	1.279416379131516
1:153610924:153614722:clu_433_-	1.0729310269251722	-0.940244944925305	1.1887918752485334	0.01881257883884686	1.1887918752485334
1:154130197:154142876:clu_434_-	-0.9699276601086725	-0.08475296664540563	-1.5623783923606585	1.048172584064858	-1.5623783923606585
1:154141859:154142876:clu_434_-	0.9329529187993167	0.09419646138267875	-0.04233845128869423	-1.0898088076611796	-0.04233845128869423
1:154185100:154186369:clu_229_+	-0.47326726417690623	1.9871631933238825	-0.04233845128869423	-0.4161526418212106	-0.04233845128869423
1:154185100:154186369:clu_435_-	0.24219329014694407	0.6967988187843515	-1.894479817036014	-1.290151321197834	-1.894479817036014
1:154185100:154186933:clu_229_+	0.8490159442891331	0.1415573675080964	-1.124530609658414	-1.1793121016069912	-1.124530609658414
1:154186422:154186933:clu_229_+	-0.09892130809523819	-0.7962423579008314	-0.04233845128869423	1.0729310269251722	-0.04233845128869423
1:154186422:154186933:clu_435_-	-0.004702884642656253	-0.8902002900266569	-0.04233845128869423	0.9257101668023399	-0.04233845128869423
1:154187050:154192312:clu_230_+	0.6265460408928418	0.32049532920927337	-1.3120791402942276	-1.7467804897085577	-1.3120791402942276
1:154187050:154192818:clu_230_+	-0.06588778327827917	-0.8422915754677401	-0.04233845128869423	1.0004905456193152	-0.04233845128869423
1:154187050:154192818:clu_436_-	-0.14630920652664103	-0.758076389466198	-0.04233845128869423	1.1514893920988767	-0.04233845128869423
1:154192413:154192818:clu_230_+	-1.1334254125159537	0.01881257883884686	1.142410805052485	0.8694237732888861	1.142410805052485
1:154192413:154192818:clu_436_-	0.1653507479007707	0.7332357831855119	-0.04233845128869423	-1.1514893920988762	-0.04233845128869423
1:154234173:154235579:clu_231_+	0.7455985754467381	0.20362167252747346	-0.04233845128869423	-1.3819750498949341	-0.04233845128869423
1:154234173:154235579:clu_437_-	1.3010370339653896	-0.7770178864605788	-0.04233845128869423	-0.07531702426719912	-0.04233845128869423
1:154234173:154238977:clu_231_+	-0.7706733655779143	-0.19882262011253335	-0.04233845128869423	1.323283585847979	-0.04233845128869423
1:154234173:154238977:clu_437_-	-1.290151321197834	0.751822850406207	-0.04233845128869423	0.11310953607098946	-0.04233845128869423
1:154562404:154562660:clu_232_+	0.5428370135622824	-2.0222360661857532	-0.04233845128869423	0.3353834710158853	-0.04233845128869423
1:154562404:154562660:clu_438_-	1.0082784082953653	-1.0240405230636223	-2.1457248880431434	0.042338451288694366	-2.1457248880431434
1:154562404:154562738:clu_232_+	-0.5647664269731174	2.022236066185752	-1.160663891291773	-0.30075378558481636	-1.160663891291773
1:154562404:154562738:clu_438_-	-1.0983652543944762	0.897211623932546	1.0729310269251722	0.0	1.0729310269251722
1:154575102:154580468:clu_439_-	0.6730144683866156	0.28112877403144726	-0.04233845128869423	-1.54663527139923	-0.04233845128869423
1:154575102:154600331:clu_439_-	-0.6612643858085789	-0.2909272734845258	-0.04233845128869423	1.6295837863718936	-0.04233845128869423
1:154904891:154909067:clu_440_-	0.1892381207440352	-1.2378819126364662	-0.04233845128869423	0.6730144683866156	-0.04233845128869423
1:154904891:154915052:clu_440_-	-0.14155736750809625	1.124530609658414	-0.04233845128869423	-0.7088396087458535	-0.04233845128869423
1:155108852:155109304:clu_233_+	-1.4196063131712273	0.2084254191481864	0.985094079681354	0.6094685938035255	0.985094079681354
1:155108852:155109304:clu_441_-	-1.5785185539727977	0.2567479433203297	-0.04233845128869423	0.5537684311241932	-0.04233845128869423
1:155108852:155110037:clu_233_+	-2.3145440351682125	0.4008163408400634	-0.04233845128869423	0.4110298367676691	-0.04233845128869423
1:155108852:155110037:clu_441_-	0.5482945324264447	-1.9871631933238825	1.1514893920988767	0.32049532920927337	1.1514893920988767
1:155108852:155110455:clu_233_+	-0.11310953607098932	-0.7833938399401357	-1.2688268844527004	1.1157238981915962	-1.2688268844527004
1:155109427:155110037:clu_233_+	1.0898088076611796	0.004702884642656392	-0.04233845128869423	-0.9329529187993164	-0.04233845128869423
1:155109427:155110037:clu_441_-	0.4008163408400634	0.5157861850941594	-0.04233845128869423	-1.8156870838135812	-0.04233845128869423
1:155110198:155110455:clu_233_+	1.1983797023069247	-0.06588778327827917	-0.04233845128869423	-0.7962423579008314	-0.04233845128869423
1:155230450:155231448:clu_442_-	-0.8223428403514804	1.2178932533913085	-0.04233845128869423	-0.12258084388880242	-0.04233845128869423
1:155230450:155231877:clu_442_-	-1.1983797023069247	0.07060161911448065	-0.04233845128869423	0.7833938399401357	-0.04233845128869423
1:155231525:155231877:clu_442_-	1.9235660048824292	-0.37042020906256057	-0.04233845128869423	-0.4471257883428003	-0.04233845128869423
1:155278756:155279834:clu_234_+	1.3462050473616447	-0.7332357831855119	-0.04233845128869423	-0.10364836418955001	-0.04233845128869423
1:155278756:155279834:clu_443_-	-0.1892381207440352	1.2080789764730697	-0.04233845128869423	-0.6671279136974503	-0.04233845128869423
1:155278756:155279855:clu_234_+	-0.3553512653029992	1.5950807308105566	-0.04233845128869423	-0.5050717493097893	-0.04233845128869423
1:155278756:155279855:clu_443_-	-0.1701202451820974	1.160663891291773	-1.6852909144409782	-0.6848582147725023	-1.6852909144409782
1:155278867:155279855:clu_234_+	0.004702884642656392	-0.897211623932546	-0.04233845128869423	0.9113683703636455	-0.04233845128869423
1:155278867:155279855:clu_443_-	1.5312664055832135	-0.6151411045959735	-0.04233845128869423	-0.20362167252747332	-0.04233845128869423
1:155279756:155279834:clu_234_+	-1.0320177767594496	-0.03763181864322885	-0.04233845128869423	0.9549811253609172	-0.04233845128869423
1:155279756:155279834:clu_443_-	0.04704602202421494	-0.9774827646406201	-0.04233845128869423	0.8490159442891331	-0.04233845128869423
1:155638508:155640111:clu_235_+	0.5265601636111814	0.38557374249056103	-0.04233845128869423	-2.5978530486100184	-0.04233845128869423
1:155638508:155640111:clu_444_-	-0.38557374249056103	-0.5482945324264447	-0.04233845128869423	1.7467804897085577	-0.04233845128869423
1:155638568:155640111:clu_235_+	-0.5319700822356674	-0.40081634084006357	-0.04233845128869423	2.768672517381485	-0.04233845128869423
1:155638568:155640111:clu_444_-	0.3603651176137397	0.5537684311241932	-0.04233845128869423	-1.6475884691571143	-0.04233845128869423
1:155917806:155920060:clu_236_+	1.445855854778841	-0.626546040892842	-0.04233845128869423	-0.1701202451820974	-0.04233845128869423
1:155917806:155920090:clu_236_+	-1.4731412761686462	0.6322791232209463	1.8406965399403974	0.1892381207440352	1.8406965399403974
1:156708556:156710804:clu_445_-	0.8694237732888861	0.12732057141021175	-0.04233845128869423	-1.160663891291773	-0.04233845128869423
1:156708556:156710845:clu_445_-	-0.897211623932546	-0.13680872272075253	-0.04233845128869423	1.124530609658414	-0.04233845128869423
1:159002481:159015087:clu_446_-	-0.17489361554133365	-0.7270962768536594	-0.04233845128869423	1.2178932533913085	-0.04233845128869423
1:159002481:159021469:clu_237_+	-0.42128639143177626	1.7688250385187065	-0.04233845128869423	-0.44193452638497827	-0.04233845128869423
1:159002481:159021469:clu_446_-	0.6496048999547391	0.29583695874971133	-1.5162509473031376	-1.612092380063337	-1.5162509473031376
1:159015254:159021469:clu_446_-	-0.13680872272075253	1.1157238981915962	1.6661436666122649	-0.7148986523834145	1.6661436666122649
1:159019389:159021469:clu_446_-	0.1415573675080964	0.7833938399401357	-0.04233845128869423	-1.0646056786228106	-0.04233845128869423
1:160458957:160459988:clu_447_-	0.1320631609337074	-1.0898088076611796	-1.1983797023069247	0.7455985754467381	-1.1983797023069247
1:160458960:160459988:clu_447_-	-0.1083777374610097	1.0646056786228104	-0.04233845128869423	-0.7518228504062071	-0.04233845128869423
1:160593975:160604403:clu_448_-	0.27135719243055834	0.6496048999547391	-0.04233845128869423	-1.4196063131712273	-0.04233845128869423
1:160600135:160604403:clu_448_-	-0.25674794332032985	-0.6380330632487637	-0.04233845128869423	1.4731412761686462	-0.04233845128869423
1:160651258:160654677:clu_449_-	-0.20362167252747332	1.2583777922066413	-1.9871631933238825	-0.6496048999547388	-1.9871631933238825
1:160651258:160681472:clu_449_-	2.1457248880431434	-0.38557374249056103	-0.04233845128869423	-0.40081634084006357	-0.04233845128869423
1:160654979:160681472:clu_449_-	-0.24703899073897723	-0.6438082052007447	-0.04233845128869423	1.432607695711915	-0.04233845128869423
1:160709146:160717984:clu_238_+	1.866913301331366	-0.5157861850941594	-0.04233845128869423	-0.26648115899596847	-0.04233845128869423
1:160718304:160719611:clu_238_+	-2.1457248880431434	0.4419345263849785	1.4872052860608542	0.3304126557514292	1.4872052860608542
1:160720213:160721135:clu_450_-	-1.040061251145822	-0.028220949358610824	-0.04233845128869423	0.9475873133359786	-0.04233845128869423
1:160720213:160721976:clu_450_-	2.768672517381485	-0.3957252958144873	0.940244944925305	-0.3754617702355184	0.940244944925305
1:160721238:160721976:clu_450_-	-0.26648115899596847	1.323283585847979	1.7255535204627073	-0.626546040892842	1.7255535204627073
1:161007865:161008341:clu_451_-	-0.678924437048578	1.4593627572353167	-1.1793121016069912	-0.2084254191481864	-1.1793121016069912
1:161007865:161008670:clu_451_-	1.1887918752485334	-0.06117541103855111	-1.290151321197834	-0.8027161143997071	-1.290151321197834
1:161008463:161008670:clu_451_-	0.3553512653029994	-1.6475884691571143	-0.04233845128869423	0.4997362729519165	-0.04233845128869423
1:161127483:161127911:clu_452_-	-1.3462050473616443	0.16058500909297635	1.3579358121923786	0.6438082052007447	1.3579358121923786
1:161127483:161128202:clu_452_-	-0.6554235052344266	1.5312664055832135	-1.445855854778841	-0.21804747687013346	-1.445855854778841
1:161128001:161128202:clu_452_-	1.6475884691571148	-0.3056778940117536	-0.04233845128869423	-0.5104216426632189	-0.04233845128869423
1:161562032:161645047:clu_453_-	-1.8406965399403978	0.5265601636111814	1.0004905456193152	0.27135719243055834	1.0004905456193152
1:161562032:161647118:clu_453_-	2.022236066185752	-0.47326726417690623	-0.04233845128869423	-0.286024591064739	-0.04233845128869423
1:161563272:161647118:clu_453_-	1.040061251145822	-0.985094079681354	-1.2378819126364662	0.03292601948950891	-1.2378819126364662
1:161645103:161647118:clu_453_-	0.3453501558233023	0.5647664269731176	-0.04233845128869423	-1.5950807308105566	-0.04233845128869423
1:167974031:168007609:clu_454_-	-0.3805128928102329	-0.5537684311241929	-0.04233845128869423	1.7255535204627073	-0.04233845128869423
1:167992285:168007609:clu_454_-	0.3653880454979842	0.5482945324264447	-0.04233845128869423	-1.6661436666122649	-0.04233845128869423
1:171553665:171556142:clu_239_+	-0.286024591064739	1.3698564795107977	-0.04233845128869423	-0.6038156267220404	-0.04233845128869423
1:171553680:171556142:clu_239_+	0.2860245910647388	-1.4196063131712273	-0.04233845128869423	0.5981818897276565	-0.04233845128869423
1:171557644:171560291:clu_240_+	0.8422915754677401	0.14630920652664103	-0.04233845128869423	-1.1983797023069247	-0.04233845128869423
1:171557644:171560291:clu_456_-	-0.07531702426719912	-0.8356050786828424	-0.04233845128869423	1.0161279091332394	-0.04233845128869423
1:171557644:171560726:clu_240_+	-0.6038156267220404	-0.3553512653029992	-0.04233845128869423	1.9235660048824292	-0.04233845128869423
1:171557644:171560726:clu_456_-	-0.2084254191481864	1.2688268844527004	1.0082784082953653	-0.6438082052007447	1.0082784082953653
1:171560343:171560726:clu_240_+	-1.0004905456193152	-0.07060161911448065	-0.04233845128869423	1.0240405230636223	-0.04233845128869423
1:171560343:171560726:clu_456_-	0.5211656122850599	-2.195292966528746	1.54663527139923	0.3453501558233023	1.54663527139923
1:173833442:173833622:clu_241_+	-1.4326076957119156	0.2132339802385984	-0.04233845128869423	0.6038156267220403	-0.04233845128869423
1:173833442:173833813:clu_241_+	1.3579358121923786	-0.1701202451820974	-0.04233845128869423	-0.678924437048578	-0.04233845128869423
1:173834420:173834609:clu_242_+	-0.5981818897276565	-0.36036511761373985	-1.459362757235317	1.9871631933238825	-1.459362757235317
1:173834420:173834609:clu_457_-	-1.5950807308105566	0.26161145315457784	-0.04233845128869423	0.5428370135622824	-0.04233845128869423
1:173834420:173834648:clu_242_+	0.592567074823848	0.3353834710158853	-0.04233845128869423	-1.866913301331366	-0.04233845128869423
1:173834420:173834648:clu_457_-	1.5015697708850035	-0.25189049899470695	-0.04233845128869423	-0.5869708794895945	-0.04233845128869423
1:181019422:181021371:clu_243_+	-1.5162509473031376	0.6151411045959733	1.107002880537908	0.19882262011253335	1.107002880537908
1:181019422:181022709:clu_243_+	0.8902002900266567	-1.16993713980708	1.3943000465384667	0.10364836418955015	1.3943000465384667
1:181019422:181022709:clu_458_-	0.7209840558519871	-1.4068405624543427	-0.04233845128869423	0.17967097421543787	-0.04233845128869423
1:181021646:181022709:clu_243_+	1.5623783923606585	-0.28112877403144726	-0.04233845128869423	-0.5537684311241929	-0.04233845128869423
1:181021646:181022709:clu_458_-	-0.758076389466198	1.3010370339653896	1.0240405230636223	-0.16535074790077084	1.0240405230636223
1:183602287:183604652:clu_459_-	-0.21804747687013346	-0.6908162048024267	-0.04233845128869423	1.3010370339653896	-0.04233845128869423
1:183602289:183604652:clu_459_-	0.26161145315457784	0.6730144683866156	2.597853048610017	-1.3462050473616443	2.597853048610017
1:184023997:184041291:clu_460_-	-1.2378819126364662	0.7898018008263447	-0.04233845128869423	0.06588778327827903	-0.04233845128869423
1:184023997:184064824:clu_460_-	1.1334254125159537	-0.8832324465280507	-0.04233845128869423	-0.009405873302470842	-0.04233845128869423
1:192992166:192992974:clu_244_+	-0.9549811253609172	-0.09892130809523819	-0.04233845128869423	1.0646056786228104	-0.04233845128869423
1:192992166:192992974:clu_461_-	0.8289557340950154	-1.2688268844527004	-0.04233845128869423	0.1320631609337074	-0.04233845128869423
1:192992169:192992974:clu_244_+	0.8832324465280507	0.11784386856463148	1.4068405624543427	-1.1334254125159537	1.4068405624543427
1:192992169:192992974:clu_461_-	-0.8422915754677401	1.1887918752485334	-0.04233845128869423	-0.11784386856463148	-0.04233845128869423
1:192993076:192997005:clu_462_-	-1.894479817036014	0.3403625871639339	0.9774827646406201	0.45754474354330993	0.9774827646406201
1:192993076:192997215:clu_462_-	1.8944798170360135	-0.3503463302370711	-0.04233845128869423	-0.45232912810459286	-0.04233845128869423
1:205688801:205689629:clu_245_+	0.897211623932546	0.11310953607098946	-0.04233845128869423	-1.124530609658414	-0.04233845128869423
1:205688801:205689629:clu_463_-	0.809223688517131	0.1701202451820974	-0.04233845128869423	-1.2480643164621663	-0.04233845128869423
1:205688804:205689629:clu_245_+	-0.9329529187993164	-0.11310953607098932	2.195292966528748	1.0813314137036845	2.195292966528748
1:205688804:205689629:clu_463_-	-0.8356050786828424	-0.16535074790077084	-2.480136535384312	1.2080789764730697	-2.480136535384312
1:207086387:207087104:clu_246_+	-2.0222360661857532	0.4627728352731091	1.9543769007246365	0.3155485224109744	1.9543769007246365
1:207086387:207087104:clu_464_-	-0.07060161911448065	1.0004905456193152	-0.04233845128869423	-0.8223428403514804	-0.04233845128869423
1:207086387:207095163:clu_246_+	-0.37042020906256057	1.6475884691571148	-1.5785185539727977	-0.48910766036210285	-1.5785185539727977
1:207086387:207095163:clu_464_-	0.9624275169350821	-1.1157238981915962	-0.04233845128869423	0.08003410470170844	-0.04233845128869423
1:207087439:207095163:clu_246_+	0.9774827646406201	-1.0646056786228106	-0.04233845128869423	0.05175463559382711	-0.04233845128869423
1:207087439:207095163:clu_464_-	-0.5157861850941594	-0.40591779583346715	-1.8406965399403978	3.1091644485775145	-1.8406965399403978
1:207940540:207941124:clu_247_+	-0.13206316093370726	1.107002880537908	-1.6661436666122649	-0.7209840558519871	-1.6661436666122649
1:207940540:207943666:clu_247_+	-0.6848582147725023	-0.26648115899596847	-0.04233845128869423	1.5162509473031371	-0.04233845128869423
1:207941168:207943666:clu_247_+	0.6671279136974503	-1.5785185539727977	1.5312664055832135	0.22768976522040343	1.5312664055832135
1:207959027:207963598:clu_465_-	1.2278262613112725	-0.809223688517131	-0.04233845128869423	-0.05175463559382711	-0.04233845128869423
1:207959027:207966864:clu_465_-	-1.3819750498949341	0.678924437048578	-0.04233845128869423	0.1558229147663969	-0.04233845128869423
1:209936932:209946293:clu_248_+	-1.3010370339653892	0.7455985754467381	-0.04233845128869423	0.11784386856463148	-0.04233845128869423
1:209942005:209946293:clu_248_+	1.2583777922066413	-0.8027161143997071	2.3891903008346156	-0.07060161911448065	2.3891903008346156
1:224612356:224619179:clu_249_+	1.05635347310719	0.014109070012707583	-1.2080789764730697	-0.9475873133359782	-1.2080789764730697
1:224612356:224619227:clu_249_+	-1.107002880537908	-0.004702884642656253	-0.04233845128869423	0.9185156525946695	-0.04233845128869423
1:228328064:228328825:clu_250_+	2.2509256965027937	-0.43675514703343354	-1.2278262613112725	-0.3254499913197392	-1.2278262613112725
1:228328064:228333212:clu_250_+	-0.21323398023859827	-0.6967988187843515	-0.04233845128869423	1.290151321197834	-0.04233845128869423
1:228328989:228333212:clu_250_+	-0.15582291476639704	1.1334254125159537	-0.04233845128869423	-0.7028064770225942	-0.04233845128869423
1:228335400:228336072:clu_466_-	0.7770178864605789	-1.3462050473616443	-0.04233845128869423	0.14630920652664103	-0.04233845128869423
1:228335400:228336366:clu_466_-	0.6967988187843515	-1.4872052860608547	-0.04233845128869423	0.2132339802385984	-0.04233845128869423
1:228336157:228336366:clu_466_-	-0.8027161143997071	1.2378819126364657	-0.04233845128869423	-0.13206316093370726	-0.04233845128869423
1:234509424:234509976:clu_251_+	-0.08947371660481043	-0.8157657139309344	-0.04233845128869423	1.05635347310719	-0.04233845128869423
1:234509586:234509976:clu_251_+	0.12732057141021175	0.7962423579008314	-0.04233845128869423	-1.05635347310719	-0.04233845128869423
1:234743598:234744193:clu_252_+	-0.009405873302470842	0.9329529187993167	-0.04233845128869423	-0.8902002900266569	-0.04233845128869423
1:234743598:234744193:clu_467_-	-0.08475296664540563	1.0240405230636223	-0.04233845128869423	-0.7898018008263444	-0.04233845128869423
1:234743598:234744241:clu_252_+	0.06117541103855111	-1.0082784082953653	-0.04233845128869423	0.8289557340950154	-0.04233845128869423
1:234743598:234744241:clu_467_-	0.13680872272075253	-1.107002880537908	-0.04233845128869423	0.7332357831855119	-0.04233845128869423
1:236706087:236706215:clu_253_+	-0.04704602202421494	0.985094079681354	1.048172584064858	-0.8356050786828424	1.048172584064858
1:236706087:236706860:clu_253_+	0.03292601948950891	-0.9549811253609172	-0.04233845128869423	0.8763072230638451	-0.04233845128869423
1:236706340:236706860:clu_253_+	-0.023516503894711764	0.9549811253609172	-0.04233845128869423	-0.8625812739776344	-0.04233845128869423
1:245026032:245026919:clu_468_-	0.985094079681354	0.06588778327827903	-0.04233845128869423	-1.040061251145822	-0.04233845128869423
1:245026032:245026976:clu_468_-	-1.124530609658414	0.009405873302470842	-0.04233845128869423	0.8902002900266567	-0.04233845128869423
